 API  Gas_Grav  T_degF    Rsb     pb
48.00	0.801	215.0	1512.0	3384.0
42.70	0.808	299.0	1138.0	3699.0
42.50	0.809	297.0	1472.0	4125.0
45.60	0.835	244.0	1534.0	3187.0
50.40	0.789	275.0	1194.0	3005.0
41.80	0.815	280.0	1567.0	4264.0
38.80	0.752	230.0	1492.0	4433.0
47.20	0.852	255.0	1966.0	3424.0
35.20	0.844	216.0	448.0	1704.0
26.20	0.705	192.0	1007.0	5297.0
34.40	0.617	215.0	957.0	4918.0
42.20	0.861	220.0	739.0	2421.0
41.50	0.782	184.0	941.0	3054.0
38.30	0.921	219.0	594.0	2876.0
24.80	0.828	228.0	252.0	1572.0
45.40	0.812	88.0	361.0	770.0
48.70	0.785	142.0	1808.0	3520.0
18.10	0.604	139.0	245.0	2301.0
31.00	0.713	192.0	1223.0	4702.0
39.00	0.747	186.0	627.0	2510.0
42.20	0.872	157.0	450.0	1502.0
43.90	0.728	135.0	429.0	1510.0
44.10	0.685	167.0	598.0	2833.0
42.20	0.754	248.0	640.0	2493.0
40.40	0.880	287.0	1040.0	3155.0
22.60	0.805	198.0	631.0	3850.0
45.60	0.790	110.0	1117.0	2512.0
37.10	0.652	105.0	339.0	1615.0
37.90	0.748	176.0	295.0	1208.0
42.80	0.856	210.0	750.0	2300.0
35.50	0.743	191.0	325.0	1595.0
45.90	0.796	136.0	893.0	2070.0
44.70	0.768	117.0	999.0	2569.0
48.00	0.775	262.0	1037.0	3043.0
42.40	0.708	171.0	942.0	3200.0
47.50	0.801	217.0	1137.0	2838.0
43.20	0.646	187.0	463.0	2419.0
36.60	0.745	265.0	975.0	3594.0
35.70	0.612	185.0	545.0	3169.0
33.60	0.873	106.0	873.0	2400.0
38.00	0.751	97.0	305.0	1196.0
43.80	0.759	183.0	1740.0	4283.0
43.90	0.774	180.0	787.0	2600.0
47.70	0.793	183.0	1196.0	2608.0
42.00	0.819	120.0	842.0	2279.0
37.00	0.703	163.0	891.0	3382.0
39.30	0.829	236.0	412.0	1850.0
44.00	0.787	149.0	1145.0	2565.0
40.40	0.677	286.0	1069.0	5045.0
44.70	0.758	165.0	1349.0	3161.0
39.00	0.721	143.0	637.0	2400.0
37.00	0.743	129.0	701.0	2405.0
40.70	0.867	240.0	1125.0	3251.0
38.70	0.731	217.0	174.0	757.0
36.80	0.942	252.0	271.0	2600.0
46.50	0.830	112.0	502.0	1699.0
36.30	0.740	135.0	884.0	2958.0
38.50	0.823	132.0	600.0	1735.0
41.50	0.782	184.0	941.0	3054.0
43.90	0.815	143.0	650.0	1742.0
39.90	0.829	130.0	720.0	1968.0
49.90	0.784	150.0	959.0	2277.0
31.90	0.613	193.0	462.0	3306.0
36.10	0.813	138.0	741.0	2667.0
41.90	0.850	271.0	530.0	1650.0
45.70	0.751	180.0	1551.0	4332.0
42.80	0.820	148.0	645.0	1838.0
37.60	0.875	142.0	341.0	1104.0
45.50	0.853	174.0	1155.0	2559.0
53.40	0.800	221.0	804.0	2400.0
29.70	0.815	252.0	245.0	1259.0
30.60	0.738	238.0	692.0	3512.0
29.20	0.752	240.0	640.0	3300.0
31.20	0.761	264.0	585.0	2983.0
39.40	0.879	185.0	906.0	2701.0
37.40	1.101	185.0	1319.0	2692.0
29.80	0.768	132.0	701.0	2849.0
37.10	0.779	146.0	764.0	2575.0
35.00	0.611	176.0	397.0	2519.0
41.50	0.766	118.0	1080.0	2814.0
45.60	0.835	244.0	1534.0	3187.0
41.60	0.779	162.0	866.0	2663.0
39.40	0.725	169.0	1581.0	4360.0
43.10	0.858	110.0	805.0	1500.0
40.50	0.646	195.0	586.0	2832.0
25.40	0.711	155.0	529.0	2894.0
23.60	0.660	208.0	308.0	2210.0
11.60	0.610	141.0	147.0	1300.0
29.20	0.615	168.0	495.0	3394.0
20.90	0.598	138.0	273.0	2309.0
32.00	0.764	260.0	915.0	3924.0
38.30	0.795	115.0	751.0	2361.0
38.90	0.785	217.0	1170.0	4642.0
36.70	0.652	150.0	353.0	2290.0
39.60	0.631	182.0	816.0	3612.0
47.70	0.733	186.0	1471.0	3454.0
38.00	0.738	186.0	1012.0	3405.0
31.10	0.801	220.0	380.0	1822.0
31.20	0.796	225.0	570.0	2543.0
31.70	0.786	225.0	554.0	2504.0
33.00	0.939	115.0	264.0	764.0
31.20	0.934	110.0	339.0	852.0
40.20	0.732	180.0	972.0	3194.0
33.00	0.790	115.0	201.0	724.0
44.00	0.805	204.0	753.0	2150.0
31.60	0.892	215.0	277.0	1081.0
43.90	0.806	246.0	1017.0	3150.0
37.30	0.646	170.0	678.0	3523.0
27.90	0.690	116.0	320.0	2056.0
36.20	0.618	186.0	943.0	4674.0
45.90	0.815	162.0	1074.0	2353.0
45.30	0.817	162.0	1016.0	2253.0
45.80	0.843	162.0	926.0	1979.0
36.00	0.664	209.0	474.0	2628.0
36.10	0.921	88.0	431.0	803.0
35.80	0.784	220.0	962.0	3445.0
32.70	0.778	205.0	132.0	541.0
35.00	0.867	100.0	355.0	991.0
35.00	0.867	213.0	355.0	1310.0
42.30	0.676	149.0	353.0	1507.0
41.10	0.663	216.0	581.0	2901.0
43.20	0.979	244.0	588.0	1690.0
40.70	0.849	250.0	618.0	1951.0
44.00	0.835	268.0	1192.0	3257.0
39.70	0.750	204.0	1032.0	3367.0
39.70	0.739	103.0	758.0	2235.0
44.30	0.637	280.0	486.0	2887.0
46.10	0.822	180.0	1301.0	2685.0
40.00	0.869	257.0	908.0	2777.0
43.80	0.695	234.0	901.0	3385.0
38.50	0.734	229.0	1148.0	4140.0
38.40	0.754	229.0	1220.0	4230.0
28.90	0.752	201.0	372.0	1895.0
46.10	0.732	110.0	1025.0	2599.0
45.70	0.688	105.0	1099.0	3204.0
46.50	0.784	111.0	1527.0	3145.0
42.60	0.824	149.0	523.0	1442.0
45.80	0.786	180.0	494.0	1602.0
44.30	0.829	140.0	870.0	2140.0
44.30	0.736	134.0	730.0	2275.0
28.50	0.820	240.0	260.0	1370.0
39.20	0.864	238.0	390.0	1488.0
42.50	0.853	254.0	748.0	2313.0
52.30	0.767	118.0	964.0	2101.0
42.50	0.810	151.0	1164.0	2825.0
39.10	0.773	259.0	551.0	2270.0
34.60	0.627	130.0	243.0	1555.0
43.10	0.769	180.0	476.0	1629.0
31.50	0.807	210.0	206.0	975.0
45.30	0.826	148.0	849.0	2136.0
45.20	0.848	148.0	806.0	1883.0
37.20	0.885	237.0	599.0	2106.0
33.00	0.897	215.0	293.0	1039.0
33.00	0.897	100.0	293.0	754.0
45.70	0.773	152.0	654.0	2213.0
32.30	0.747	159.0	680.0	3572.0
40.10	0.730	120.0	1318.0	3519.0
39.10	0.907	250.0	542.0	1721.0
34.70	0.865	208.0	310.0	1447.0
40.50	0.779	141.0	367.0	1237.0
44.80	0.844	127.0	907.0	1930.0
43.70	0.792	177.0	1086.0	2858.0
26.00	0.676	206.0	341.0	2200.0
32.60	0.695	161.0	143.0	880.0
38.40	0.893	80.0	374.0	763.0
38.40	0.893	150.0	374.0	969.0
38.40	0.893	250.0	374.0	1252.0
39.40	0.916	250.0	577.0	1748.0
39.40	0.916	150.0	577.0	1376.0
39.40	0.916	80.0	577.0	1094.0
45.20	0.788	153.0	700.0	2467.0
18.90	0.719	164.0	107.0	760.0
25.10	0.739	163.0	264.0	1399.0
24.10	0.741	165.0	263.0	1469.0
47.10	0.779	274.0	702.0	2455.0
37.10	0.726	108.0	820.0	2580.0
41.80	0.629	232.0	598.0	3282.0
40.80	0.858	255.0	779.0	2628.0
23.30	0.720	155.0	510.0	2952.0
35.90	0.653	89.0	102.0	420.0
40.20	0.735	108.0	674.0	2071.0
43.80	0.785	124.0	349.0	1105.0
