 9.416555116E-01 -3.905575689E-01 -1.275651559E-01  1.885114953E-01  1.284025003E+00
 1.123675873E+00 -1.854215539E-01 -1.537185216E-01  4.962458980E-01  9.206014630E-01
 1.351054509E+00 -1.770149825E-01 -1.566882866E-01  4.888008797E-01  1.246872834E+00
 7.883900202E-01 -2.975462236E-01 -3.043716521E-01  2.915078949E-01  1.304979077E+00
 6.227409167E-01 -4.831924941E-01 -6.780767227E-02  4.069056785E-01  9.875657912E-01
 1.421563409E+00 -1.475271963E-01 -1.768860064E-01  4.255182242E-01  1.337105811E+00
 1.507568912E+00  6.854728725E-03  7.836708637E-02  2.393927669E-01  1.265380607E+00
 9.688098596E-01 -3.596792605E-01 -4.755288183E-01  3.324554955E-01  1.745750877E+00
-5.845021778E-01  1.820015609E-01 -4.244243924E-01  1.885298216E-01 -5.560122870E-01
 1.920133031E+00  5.311909554E-01  3.541126471E-01  9.799404640E-02  7.613987367E-01
 1.747408222E+00  2.080783498E-01  8.233229699E-01  1.877768326E-01  6.970005589E-01
 1.344388202E-01 -1.667131666E-01 -4.054247699E-01  2.009634028E-01  4.027500563E-01
 6.638557237E-01 -1.364633916E-01 -3.737879084E-02  5.495480565E-02  6.727879260E-01
 5.113626565E-01  5.094472728E-02 -4.704691331E-01  1.971674360E-01 -3.131425714E-02
-7.403687248E-01  5.933751208E-01 -2.503186585E-01  2.318270642E-01 -1.598719998E+00
-2.160798898E+00 -2.892040266E-01 -1.649664430E-01 -7.941904597E-01 -8.972380708E-01
 1.020071083E+00 -4.175760887E-01 -4.780076400E-02 -1.721819031E-01  1.583931528E+00
 3.225655361E-02  8.653565816E-01  8.876496076E-01 -1.937732519E-01 -1.667717882E+00
 1.642910660E+00  3.160407097E-01  3.006715159E-01  9.755733443E-02  1.018117255E+00
 2.198152549E-01 -6.007138200E-03  9.947217027E-02  7.017126859E-02  7.682849373E-02
-8.304037311E-01 -1.663378593E-01 -4.037485150E-01 -6.960709904E-02 -5.482847182E-01
-8.201793057E-01 -2.346197950E-01  1.964645563E-01 -2.081832133E-01 -6.253468871E-01
 4.770143183E-01 -2.408793517E-01  4.744673439E-01 -3.706269498E-02 -1.936896341E-02
 2.048546009E-01 -1.659265893E-01  7.117816427E-02  3.063979315E-01  1.286253031E-01
 7.562024320E-01 -8.900626474E-02 -4.221408434E-01  4.515757882E-01  8.039505625E-01
 1.208277814E+00  6.847666702E-01 -1.448228511E-01  1.156365314E-01  9.165393881E-02
 2.227186429E-01 -2.975781623E-01 -7.232414007E-02 -4.026969380E-01  8.939940052E-01
-6.870082398E-01  8.618484234E-02  6.516520524E-01 -4.734339220E-01 -9.999516354E-01
-1.260427115E+00  6.386473877E-02  9.552361665E-02  5.583427391E-03 -1.271304350E+00
 3.114268351E-02 -1.892771301E-01 -4.440465595E-01  1.729112261E-01  4.287596174E-01
-7.116706781E-01  1.674830222E-01  1.105326296E-01  9.451861346E-02 -1.081349446E+00
-1.661043996E-01 -3.095020094E-01 -1.026317548E-01 -2.047982784E-01  6.104980978E-01
 2.724601544E-01 -2.626954225E-01  3.146804576E-02 -2.973099784E-01  7.505275736E-01
 6.548203490E-01 -3.905575689E-01 -2.522302337E-03  3.585130596E-01  8.000982556E-01
 7.999365885E-01 -1.743538051E-01  3.338346409E-01 -1.983109782E-02  6.749784456E-01
 4.804916270E-01 -3.712586261E-01 -1.280776942E-01  1.910431910E-01  9.193752340E-01
 1.331377271E-01 -2.074013308E-01  6.822227359E-01  7.622864674E-02 -4.994388570E-01
 1.060720426E+00  1.091344297E-01  1.038602328E-01  3.696805870E-01  7.201631408E-01
 7.691370880E-01  1.568681355E-01  8.479713791E-01  6.214766992E-02 -1.820521040E-01
 1.165557698E-01  2.216324831E-01 -4.041344105E-01 -4.571237417E-01  5.869240557E-01
-1.280386694E+00  6.021223323E-02  8.287180095E-02 -6.081160872E-01 -1.203361369E+00
 1.431287757E+00 -2.319641645E-01  5.656888953E-02  4.925006634E-02  1.514287757E+00
 2.999536248E-01 -2.347968183E-01  3.986594336E-03  3.218794975E-02  4.846229133E-01
 3.067303315E-01 -3.789782032E-01 -8.761201415E-02  4.899597201E-02  9.912172710E-01
 1.338422468E-02 -1.572089147E-01 -2.021360237E-01 -2.748379696E-01  5.501545981E-01
 9.389016192E-01  8.914842547E-02  3.679909446E-01 -5.315359072E-02  6.076205358E-01
-4.033930273E-01 -3.114551569E-02 -2.545818753E-01  2.617278218E-01 -6.900633478E-01
 2.691954401E-01 -2.371882955E-01 -5.798512150E-02 -1.172350941E-01  9.299684064E-01
 1.806726919E+00 -8.965527101E-02  5.185616756E-01  4.478532791E-01  8.370305693E-01
 7.610548696E-01 -2.628696899E-01  5.906841772E-02 -4.566796496E-02  1.134739455E+00
 1.159181922E-01 -6.067308857E-03  2.433486770E-01 -1.634773865E-01  1.155786268E-01
 1.210341518E-01  8.975423765E-02  1.086478260E-01 -2.305826152E-01  3.198589090E-01
 8.435797851E-01 -1.052428537E-01 -3.890672822E-01  2.766178584E-01  9.049657547E-01
-2.194893595E+00  1.441953566E-02  1.814268161E-01  1.903895984E-01 -2.467406373E+00
 2.998163381E-01  9.903295184E-02 -5.272403867E-01  3.212879681E-01 -1.430836472E+00
-5.905546781E-01 -3.326607407E-01 -2.537512610E-01 -3.665133628E-01 -3.433718166E-01
 5.824804318E-01  1.251123767E-01  1.186304622E-01 -2.077497301E-01  5.995966827E-01
-5.473546913E-01  3.211725765E-02 -2.299217658E-01 -2.197046719E-01 -1.500397971E-02
 6.631540488E-01 -1.370774398E-01 -3.748106833E-02  5.506171507E-02  6.736434317E-01
-5.392642210E-01 -2.350365883E-01 -1.772332501E-01 -1.627778016E-01  1.667910150E-01
-2.683592530E-01 -7.012500936E-02 -2.568707238E-01 -2.261796867E-01  3.612162019E-01
 1.105009669E-02 -4.638935513E-01 -4.364706907E-02 -1.103856498E-01  6.990234799E-01
 8.837402411E-01  2.849793781E-01  8.430341362E-01  1.020883252E-01 -5.039869250E-01
 3.576143728E-01  1.360034588E-01 -1.686758251E-01 -1.989847555E-01  4.072578239E-01
-6.459107215E-01 -1.528545870E-01 -4.853934079E-01  3.920156419E-01 -2.338415905E-01
 1.456332779E+00 -3.016179835E-01  8.274813796E-02  3.257336173E-02  1.321535095E+00
-4.195834086E-01 -1.886719070E-01 -2.102491290E-01 -1.225973649E-01  1.474932024E-01
-1.440026270E+00  7.236298971E-02 -4.087822224E-01 -1.727593505E-01 -9.864368851E-01
 2.641424799E-01 -2.933602726E-01 -4.686982023E-01 -5.510917639E-03  9.422952868E-01
 1.159665368E-01 -5.989861505E-01 -1.220845029E-01  2.051278801E-01  5.045482109E-01
-1.177943368E+00  3.679026409E-01 -1.763489945E-01  3.212879681E-01 -1.668943028E+00
 1.012818460E+00  3.305294333E-01  1.309935553E-01  2.691728401E-01  2.984522980E-01
 8.786802824E-01  3.912242648E-01  7.932761896E-02  2.766178584E-01  1.277530339E-01
 6.039679684E-01  3.096663170E-01  5.172954694E-02  3.659580779E-01 -5.100864419E-02
 3.847656252E-01 -4.515580812E-02 -4.174677978E-01  6.262671145E-02  6.260013517E-01
 3.771458516E-01  7.783387095E-02 -9.790192061E-01  6.228862774E-02  1.107919923E+00
 4.884128820E-01  3.641599103E-01  3.201157118E-02 -2.200813342E-01  3.207973570E-01
 2.772588807E-01  8.618289822E-02 -2.573896550E-02 -1.385416170E-01  4.522261054E-01
 2.297009212E-01  1.919547829E-01  8.529311576E-01  5.603281585E-03 -7.467229125E-01
 4.653672383E-01 -1.376962305E-01  4.052878896E-02 -2.886647482E-01  8.497046720E-01
 7.868091859E-01 -2.975827710E-01 -3.044130380E-01  2.915078949E-01  1.304935972E+00
 3.543425975E-01 -1.401511038E-01 -2.485335306E-02 -5.455779872E-02  5.781066242E-01
 1.470359583E+00 -4.489668984E-02  2.146649831E-01 -2.846112450E-02  1.351444234E+00
-8.333043350E-01 -2.019934007E-01 -4.305098542E-01 -4.018954594E-01  5.065600488E-01
 4.759409533E-01 -9.613205355E-02  6.822431857E-01  1.086306556E-01 -4.952396157E-02
 5.257755989E-01  5.667683748E-01  3.137308920E-01 -7.904149774E-02 -2.378213489E-01
-4.370809918E-02  6.436339787E-01  6.106134481E-01  1.616597982E-01 -1.184880690E+00
-1.114048471E+00  1.126208676E+00  8.578909362E-01 -1.809426601E-01 -2.795313012E+00
 9.467437762E-01  3.913327391E-01  8.331544771E-01 -3.272235947E-02 -3.724909154E-01
 3.897487063E-02  7.529895256E-01  9.174082790E-01 -1.987198896E-01 -1.421157111E+00
 1.248115142E+00  2.802724161E-01  4.506626840E-02  3.510680413E-01  6.378615043E-01
 8.483357554E-02  5.099049232E-02 -9.768284359E-02 -3.222346922E-01  4.303954383E-01
 1.612601506E+00 -3.770476527E-04 -4.784895043E-02  1.901774880E-01  9.621537865E-01
 2.222598504E-02  1.041648394E-01  6.517338421E-01 -1.093395019E-01 -9.325760988E-01
 1.072401528E+00 -5.852443573E-02  7.549312796E-01  4.373120967E-02  5.194540966E-01
 9.861940360E-01 -3.789782032E-01  1.703505177E-01  6.918536591E-02  1.245800201E+00
 9.562432321E-01  6.017281552E-02  1.311971973E-01  6.962822285E-02  7.678387229E-01
-4.402508622E-01  3.132915524E-01 -1.272614100E-01  2.009401649E-01 -8.145150361E-01
 2.506681244E-01  3.089801948E-01 -1.020239330E-01  2.203467044E-01 -1.004520806E-01
 2.149904638E-01  2.936707580E-01 -5.194264084E-02  2.200200708E-01 -1.525541273E-01
-2.176460847E+00  2.339338721E-01 -5.187162581E-01 -3.244030665E-01 -1.493768245E+00
-1.958255967E+00  3.089401633E-01 -5.045093770E-01 -4.033943206E-01 -9.992019009E-01
 7.938923247E-01 -8.051170637E-02  1.768065504E-01  3.116644621E-02  7.160346895E-01
-2.284109486E+00  2.377456095E-01 -7.276623475E-02 -3.237372588E-01 -2.152000708E+00
-9.297973909E-02 -2.371993629E-01 -1.441837128E-01  1.385425920E-01  4.341697893E-01
-1.482002582E+00  2.984114580E-01 -4.274740229E-01  1.872536379E-01 -1.396978948E+00
 7.515743919E-01 -2.345360243E-01 -1.477800940E-01  2.989529132E-01  7.737695009E-01
 1.019772912E+00  8.020034021E-02  6.819624494E-01 -2.426678663E-02  2.611648339E-01
-1.805609220E-01  4.530945205E-01  4.459825516E-01 -3.103879915E-01 -1.111701365E+00
 1.629014456E+00  1.305116673E-01  8.184055571E-01  7.072607269E-02  6.756391585E-01
 7.823781667E-02 -3.095020094E-01 -1.772356442E-01 -5.554549295E-02  8.428363630E-01
-8.167007489E-03 -2.854199367E-01 -1.895619334E-01 -5.510912654E-02  7.724512828E-01
-2.558727699E-01 -3.055601770E-01 -4.163712749E-01 -5.504667524E-02  6.525768308E-01
 3.245722891E-01  1.414587009E-01  5.890212244E-01  1.662141642E-01 -4.574715171E-01
-2.076805874E+00  1.360297212E-01 -4.680694220E-01 -7.941904597E-01 -6.191070381E-01
 9.806531667E-01  1.520449035E-01 -4.376625949E-02  2.011706756E-01  7.023418379E-01
-2.867325496E+00  2.465257808E-01 -2.052104405E-02  1.446060512E-01 -2.979143546E+00
-1.655815980E+00  1.920123803E-01 -3.905432253E-01 -5.505783788E-01 -9.255575174E-01
-1.098842625E+00  1.917710637E-01 -3.889177964E-01  1.826373397E-01 -9.207710093E-01
-8.239183380E-01 -1.703761972E-01  5.247668720E-01 -1.172215387E-01 -9.351445072E-01
 5.322824935E-01 -1.217728850E-01  5.947482152E-01  1.883307531E-01 -6.380853316E-02
-6.012849006E-01 -2.075947733E-01 -6.323713070E-01  2.915078949E-01 -4.461081428E-02
-2.867632689E-01 -1.052654814E-01 -4.843066639E-01  3.138429498E-01  4.452028782E-02
 8.471008498E-01 -2.372464642E-01 -2.962184261E-01  3.808481145E-01  9.870685874E-01
 9.265016842E-01 -6.374416580E-02  8.784363816E-02  1.401651367E-01  7.940421683E-01
-2.346538569E-02 -6.405753186E-02  1.258431382E-01 -5.035755020E-01  4.419892212E-01
 5.203727320E-01 -2.482400199E-01  7.257923426E-01  4.255182242E-01 -4.087418302E-01
 3.715922411E-01 -3.172215865E-01 -2.233763983E-01  3.118643347E-02  1.090126765E+00
 4.398037587E-01 -7.359064564E-02 -3.956988269E-01  3.399005138E-01  6.290863914E-01
 9.411941710E-01 -2.316054540E-01  4.158535208E-01  2.542828035E-01  6.200730168E-01
 1.358884682E+00  3.185537811E-02  1.635881125E-01  2.356702577E-01  9.333269888E-01
 1.404236992E+00  4.326185810E-02  7.058358432E-02  2.356702577E-01  1.015296417E+00
-3.492256005E-01  4.054412601E-01  7.843624166E-02  1.258323027E-01 -8.512046460E-01
 2.991074314E-01 -3.172215865E-01  1.754278053E-01 -4.014738198E-01  7.850875204E-01
 8.034841122E-01 -3.015984163E-01  4.577570651E-01 -4.722189034E-01  8.714126482E-01
 7.460638865E-01 -3.326607407E-01 -4.424522067E-02 -3.847529108E-01  1.298252711E+00
-9.093154386E-01 -1.817812676E-01 -2.368176517E-01 -1.171430031E-01 -2.605356133E-01
-7.032541491E-01 -3.055620902E-01 -5.234991761E-02  3.237731965E-02 -3.756987515E-01
-1.030603730E-01 -2.481888593E-01 -2.556292311E-01 -1.878169819E-01  5.831631858E-01
 8.974182887E-03 -2.481553947E-01  1.496143842E-01 -2.119863350E-01  3.819626734E-01
-1.010069424E+00  4.251245916E-01 -2.098743775E-01  2.766178584E-01 -1.524547070E+00
-8.488865990E-01 -2.022756182E-02 -3.875916829E-01  2.691728401E-01 -7.734830242E-01
 4.155412008E-02 -1.777027069E-01 -4.749665152E-01  3.287329864E-01  4.232917244E-01
-1.375601748E-01 -5.565284765E-01  3.587355427E-02 -2.866614943E-01  7.058430179E-01
 4.719340547E-01 -1.783502620E-01 -1.592810735E-01 -1.027399111E-01  9.541326309E-01
 5.396249123E-03 -1.224851332E-02  9.117384102E-03  3.473455321E-01 -1.624607147E-01
-7.617133624E-01  2.037170555E-01  7.744323754E-01 -2.269439679E-01 -1.688228217E+00
-6.701727765E-01 -2.021382642E-01  2.931761678E-02  3.225843204E-02 -4.489253819E-01
-1.688388106E+00  3.014178749E-01 -1.499905204E-01  1.731230712E-01 -2.097415147E+00
-1.068273083E-01 -2.853941195E-01 -2.468592966E-01 -1.229849522E-01  5.578776023E-01
-3.626116689E-01 -2.812793497E-01 -4.742232654E-01 -1.232154746E-01  5.082238341E-01
-1.341293631E-01  8.288995648E-02 -4.249106254E-01  2.654503309E-01 -1.607799696E-02
-1.561181770E+00  2.347434288E-01 -4.323610566E-01  1.878544539E-01 -1.286559628E+00
-2.202841795E+00  2.328386682E-01 -4.321927857E-01 -5.538404674E-01 -1.285897416E+00
-4.151454384E-02 -3.015816044E-01  9.964381800E-03 -9.592624159E-02  1.818205136E-01
 1.047682655E+00  2.667193623E-01  9.944703413E-02 -6.316495035E-02  2.662536922E-01
 1.019223174E+00 -7.692168923E-02  1.868969349E-01 -2.744675847E-01  1.106180358E+00
-5.633443957E-01 -1.175568660E-02 -4.460712965E-01  3.138429498E-01 -1.925512917E-01
-9.025931083E-01  2.003477914E-01 -3.843876605E-01  1.600590613E-01 -1.171793668E+00
-1.213051468E+00 -9.667187955E-02 -2.509714964E-02 -1.804968855E-01 -8.744497944E-01
-3.097695054E-01 -2.666457283E-01 -4.217235187E-01 -2.405369845E-01  6.273109918E-01
 4.959480010E-01 -2.283479656E-01 -8.261068282E-02  1.137722141E-02  8.566592496E-01
-5.119705988E-02  5.399714421E-01  5.245646951E-01  1.488828629E-01 -9.861932369E-01
-1.893542088E+00  2.523738027E-01  4.164957424E-01 -5.740022643E-02 -2.844334488E+00
-2.179085487E+00  4.076299717E-02 -4.281587658E-01 -9.637299355E-01 -8.449824664E-01
-1.700737718E+00  4.224894330E-02 -4.286437572E-01 -1.097209293E-01 -8.471286272E-01
-1.188954970E+00  4.248834579E-02 -4.280814867E-01  3.138429498E-01 -8.433832860E-01
-5.330622114E-01 -4.294377932E-02 -4.592225062E-01  3.138429498E-01 -7.814840817E-02
-1.001545003E+00 -4.347894027E-02 -4.609912836E-01 -1.100928876E-01 -7.737893786E-02
-1.458190219E+00 -4.833883865E-02 -4.613169419E-01 -9.637299355E-01 -7.741611156E-02
 1.781363667E-01 -2.814974312E-01 -6.310017695E-02 -8.976439110E-02  3.163813503E-01
-2.186970767E+00  8.332517085E-01  2.563310200E-01 -5.003113339E-02 -3.285527768E+00
-9.687340374E-01  5.800309452E-01  1.244655500E-01 -5.399726351E-02 -1.490281451E+00
-8.735856641E-01  6.229299528E-01  1.153949173E-01 -4.565275975E-02 -1.500731175E+00
 1.667049294E-01 -3.558194719E-01 -2.582094325E-02  4.031831693E-01  3.219068230E-01
 2.820449901E-01  8.546849676E-02  2.077293036E-01 -4.310181848E-01  5.229832905E-01
 8.661203916E-01 -1.479797406E-01  7.646864226E-01  2.468377852E-01 -1.784098479E-02
 3.246366828E-01 -1.093424576E-01 -4.294542870E-01  3.324554955E-01  4.743913092E-01
 5.765671782E-01  6.561510127E-01  2.491183116E-01 -7.819313015E-02 -3.117307347E-01
-3.374064548E+00  1.469951837E-01  6.466954876E-01 -7.729980252E-01 -3.346804613E+00
-1.654570587E-01 -8.015910821E-02  1.569022745E-01 -4.313187272E-01  2.509419178E-01
-1.438135193E+00 -2.314082508E-01 -4.734772444E-02 -2.543239855E-01 -9.460007103E-01
