 1.840633625E-01  6.467736508E-01  4.206038037E-01 -2.803049102E-01  1.443776272E-01 -7.891142835E-01
-3.282619609E-01 -6.601751206E-01  3.107467773E-01 -6.227207718E-02 -1.745605840E-02  2.055981772E-01
 4.713061867E-01  4.553983592E-01  8.556000667E-02 -8.948904487E-03  4.446647931E-02 -3.624343407E-02
-8.816757193E-01 -8.724137906E-01 -1.907395895E-01 -1.319473669E-01 -2.752456961E-02  3.527172315E-01
 1.657365822E+00  8.218273384E-01  2.593891005E-02 -2.413530291E-01  1.095068125E+00 -6.268161530E-02
 2.971101199E-01 -2.221230114E-01 -4.244265477E-01 -2.967797497E-01  6.215210246E-01  7.148724963E-01
-2.342281880E-01 -9.862374077E-01  3.660794266E-01 -2.476363281E-01  9.812907768E-01 -2.850666457E-01
-7.268186614E-01  2.868242770E-02 -3.547493500E-01  3.017241431E-01 -7.767909955E-03 -6.417273948E-01
-2.555958561E-01 -4.130748052E-01 -4.239844088E-02 -2.080802642E-01 -4.362733547E-02  2.857717428E-01
 8.480110198E-01  8.191727905E-01  1.563206979E-01  5.626936408E-01 -7.210458678E-01 -1.295876309E-01
-1.130751344E+00 -1.005507492E+00  3.982001410E-02 -3.153525532E-01  4.838513794E-01 -2.077801698E-01
 8.233171080E-03 -8.222058052E-01 -3.932145164E-01  2.714707065E-01  2.181413028E-02  9.568856435E-01
-2.625541488E-01  6.518095475E-01  2.781498663E-01 -3.149475418E-01 -1.477373197E-02 -8.082450034E-01
 3.248856842E-01  9.079082670E-01  8.117722405E-02 -3.099069035E-01 -5.175141634E-02 -5.040337649E-01
-7.034123770E-01 -7.809583097E-01  4.014779997E-01  8.579895748E-02  2.808833948E-01 -6.828970675E-01
 1.156200888E+00  3.874793106E-01  1.141269779E-01  1.287432539E-01 -2.525946502E-01  8.002218181E-01
-8.337707515E-02 -6.392683462E-01 -2.987254805E-02 -3.133214380E-01 -1.271322518E-01  9.846762276E-01
 1.936737962E+00  9.002692639E-01  4.356178540E-01 -1.314635551E-01 -3.276958981E-02  8.027160344E-01
 1.037862677E-01  1.423043831E-01  1.774512851E-01 -3.042562957E-01 -1.912651834E-01  2.827491615E-01
-6.658191101E-01 -9.974062250E-01 -4.321098107E-01 -1.699810145E-01  6.828581361E-01  4.023850196E-01
 1.412484701E-01  8.968678813E-01  3.503470131E-01 -3.147606526E-01 -4.468073382E-03 -7.647371867E-01
-7.950867508E-02 -4.966135234E-01  9.165394945E-02  5.133939343E-01  2.343422564E-01 -4.122386462E-01
 8.896117257E-01 -1.759875878E-01 -1.344527835E-01 -1.140522766E-01  4.445129877E-01  8.770761132E-01
 2.047820281E+00  3.625864538E-01  4.828163178E-01  5.189928939E-01  2.211851488E-01  3.541259481E-01
-1.428564637E+00 -9.918065484E-01  3.703153910E-01 -2.781810469E-01 -2.744092078E-02 -5.506401445E-01
 1.224592207E+00 -2.510924850E-01  1.544687496E-01  4.528671222E-01  1.237853462E-01  6.457610908E-01
-1.419635863E-01  8.295258181E-01  2.180911162E-01 -2.550504873E-01 -2.694297165E-02 -9.027427566E-01
 1.346226151E+00  7.191197819E-01  3.433546080E-01 -2.844536136E-02 -1.613329046E-01  4.110915739E-01
 1.185945513E-01 -2.553487444E-01  3.510563870E-01 -8.711469482E-02  2.028567724E-02 -5.152346389E-02
 8.004771609E-01  4.503946668E-01  2.537670142E-02  5.075848692E-01 -7.097848653E-02 -1.223860230E-01
 9.623596903E-01  4.219051852E-01  1.368320577E-01 -3.044154150E-01 -2.961725006E-02  7.389594528E-01
 1.230304093E-02  4.633471655E-01 -1.834346685E-01  3.676114790E-01 -5.112456901E-01 -1.866182855E-01
-3.190665255E-02 -7.090053502E-03 -2.005076614E-01  2.890931183E-01  5.987394189E-04  1.829498505E-02
-1.065338581E+00 -9.475886449E-01 -3.777456779E-01 -3.145973675E-01  1.685156168E-01  4.701536696E-01
-9.616730344E-01 -9.711435745E-01  2.178267579E-01  2.022790338E-01 -6.804705031E-01  2.851147639E-01
-1.031317603E+00  5.091119074E-01 -4.115280840E-01 -2.850879050E-01  4.037881521E-03 -8.293930871E-01
-6.749473106E-01 -5.198008946E-01 -1.549676127E-01  1.397191016E-01 -3.755039097E-01  3.510302039E-01
 1.143390987E+00  8.656907450E-01  3.006289502E-01  5.805153707E-01  3.386007641E-02 -7.177680738E-01
 2.035222956E+00  8.966415743E-01  3.891118325E-01  3.114938657E-01  2.140397419E-02  4.756802827E-01
 7.861492343E-01  2.896708128E-01 -3.117382101E-02 -3.095964024E-01  3.432891516E-02  9.627787121E-01
-2.355312241E-01  4.746301159E-02 -3.521881875E-01 -1.282681268E-01 -1.622116968E-01  3.649206634E-01
-1.119850559E+00 -4.444905229E-01 -2.481862710E-01 -2.872837309E-01 -5.904549411E-01  4.327037634E-01
 2.006094101E+00 -1.197485843E-01  4.057727555E-01  2.575017113E-01  3.728682098E-01  9.849305187E-01
 1.770512077E+00  6.245701971E-01 -1.796348943E-01  4.433074939E-01  4.066975304E-01  6.215661460E-01
-2.456229309E-01  6.084077337E-01 -4.460565102E-01 -2.780766314E-01  3.347959630E-01 -3.539389743E-01
 1.028172201E+00  8.065108193E-01 -1.192650801E-01 -2.212145502E-01 -5.021728756E-02  7.428871265E-01
 2.792499444E-02  2.667345051E-01 -8.743696125E-02 -2.159361493E-02 -3.121464117E-02 -1.387975358E-01
-5.340834426E-01 -5.306135449E-01  3.311439855E-01 -8.647975662E-02 -3.495375313E-02 -3.912671377E-02
-1.552203162E+00 -6.685780090E-01  3.915329333E-01  4.174058877E-01 -8.649799455E-01 -7.944615375E-01
 7.697689555E-02 -5.785944420E-01  5.317795848E-02  3.679829844E-01  8.448252192E-01 -5.527318947E-01
-9.899236593E-01 -1.000760365E+00  2.363788241E-01 -2.677644217E-01  1.456911400E-01 -1.485966105E-01
 4.179575086E-01  3.497154397E-01  2.799596339E-01 -2.429706460E-01  3.215229109E-01 -3.551395702E-01
-2.137256581E-01  9.414793998E-02 -2.768794296E-01  5.211085763E-01  5.990254199E-02 -6.248457870E-01
-1.649892866E+00 -9.351935323E-01 -3.636831636E-02  1.433733489E-02 -3.389205318E-02 -5.402414723E-01
 1.072544324E+00  8.708155495E-01  3.928594656E-01 -2.448457546E-01  1.097827002E-01 -1.029173537E-02
-1.260876398E-02 -1.413196453E-01  1.705226511E-01 -2.092421602E-01 -3.864484630E-02  2.569432860E-01
 1.750834859E+00  8.595763905E-01 -1.148002612E-01  4.298720724E-01  1.922542685E-01  4.118020317E-01
-6.460663733E-01 -8.665879843E-01  1.490554500E-01 -2.031580808E-01  5.668145205E-01 -4.249428316E-01
-1.297024421E+00  6.617536889E-01 -2.406738273E-01 -2.956816332E-01 -6.757142083E-01 -7.196062093E-01
-7.446369402E-01  6.400136794E-01 -4.155526078E-01  8.825269112E-02 -3.092145813E-01 -8.580406328E-01
 1.358170076E+00  1.186665018E-01  4.748335641E-01 -1.371862564E-01  9.009622124E-01 -8.260458788E-02
-1.859260637E+00 -9.196208452E-01 -4.482898545E-01 -2.553014954E-01  9.965580759E-02 -2.762916650E-01
 5.188543026E-01  1.895496591E-01 -3.531438999E-01  5.168876811E-01 -9.503610270E-02  1.686926041E-01
-2.040861103E+00 -8.756313142E-01 -1.926601292E-01 -2.621127978E-01 -2.304411340E-01 -3.179422604E-01
 3.053249537E-01  3.891839316E-01 -6.232736188E-02  1.748002175E-01 -3.565267162E-01  1.258994030E-01
-1.245143830E+00 -8.928279984E-01 -3.686270699E-01 -2.327152733E-01  1.563109909E-01  8.374263314E-02
 1.672674286E+00  3.589298585E-01 -6.379199645E-03 -3.119369978E-01  7.003981696E-01  9.264705065E-01
-1.435871005E+00 -9.908497967E-01  1.524031557E-01 -3.153126576E-01 -7.550488304E-01  4.344882157E-01
 1.822238067E-01  6.404176824E-02 -3.532093223E-01  1.689649718E-01 -6.447790335E-03  3.916930103E-01
-1.039433136E-01  8.959288836E-01 -9.049114625E-02  6.361233054E-02 -1.412825749E-01 -8.238438253E-01
-6.054566155E-01 -6.852594301E-01  2.679587984E-01 -4.934517208E-02 -4.402836803E-01  2.441475821E-01
-8.920320630E-01 -5.638691888E-01 -1.619336457E-01  1.744955385E-01 -1.619800567E-01 -6.117860736E-02
-5.122702312E-02  7.610340791E-01 -2.938706869E-01 -1.097062182E-01  2.666166465E-01 -7.202201412E-01
 6.883911327E-02  5.407797052E-01 -3.696206482E-01  3.557218551E-01 -6.535626866E-01  2.108044991E-01
 1.133576278E+00  9.011100017E-01 -2.410597211E-01  1.493673268E-01  6.171717058E-01 -1.681375175E-01
-9.088056735E-01 -7.893817688E-01 -1.033524993E-01 -2.838922269E-01 -3.772917447E-01  5.786275885E-01
-1.761694146E+00 -8.219105290E-01  1.287205527E-01 -3.135327660E-01 -1.106091837E-02 -8.362198657E-01
 4.943791790E-01  4.424708024E-01  2.511125582E-01 -2.717530805E-01 -8.476247663E-02  1.637887464E-01
 4.853859753E-01  5.488877840E-01  4.094857057E-01 -2.822119755E-01 -2.087955418E-02 -1.180618660E-01
-2.309647012E-01  8.678277417E-01  2.319033447E-01  1.273933819E-01 -6.850245011E-01 -8.689969749E-01
-6.402457199E-01 -7.121779928E-01 -3.191943942E-01  1.825083983E-01 -2.702796709E-01  4.762221979E-01
 9.599675546E-01 -1.840235474E-01  2.501319692E-01 -1.430962437E-01  7.101495654E-01  2.359238347E-01
 7.681400959E-01  8.066942720E-01 -2.863449982E-01  5.543127814E-01  3.671780018E-01 -6.683160446E-01
-6.800255695E-01 -8.677953147E-01  3.399447581E-01 -1.197832562E-01 -2.226992133E-03  7.174581980E-02
-1.124362123E+00 -7.857721427E-01 -4.365493206E-01  1.520614815E-01 -2.375220008E-01  1.040921458E-01
 9.434297425E-02 -5.746379832E-01  4.860046410E-01  4.392580436E-01 -1.564906387E-02 -3.231286861E-01
 8.493164183E-01 -8.920201312E-01 -2.556743077E-01  5.696789375E-01  7.016265360E-01  7.541170000E-01
 4.465547889E-01 -9.034744631E-01  1.392320406E-01 -2.490496875E-01  6.531381490E-01  7.729535702E-01
-2.100484905E+00 -7.468742545E-01 -3.540939063E-01 -2.135141416E-01 -6.424748751E-02 -7.797592491E-01
 1.271076388E+00  4.347219347E-01 -1.478425725E-01  1.209562077E-01  2.860862207E-01  5.668555583E-01
 5.869139372E-01  8.198710483E-01  2.449706708E-01 -3.154960736E-01  9.684074716E-02 -3.223623040E-01
 1.212375431E-01  5.988379236E-02  7.630310118E-02  4.213844904E-01 -7.312943114E-03 -3.474447407E-01
-2.626730079E-02  6.697815525E-01 -4.361700049E-01 -2.676777475E-01 -8.137166744E-02  8.565562195E-02
-4.516639374E-01 -9.469577892E-01 -1.391141310E-01  1.514440848E-02  4.781624332E-01  1.228642450E-01
-2.236639992E-01 -9.589804757E-01 -2.581364534E-01  2.266471062E-01  2.127440160E-02  7.532287228E-01
-1.368614190E+00 -4.237400900E-01 -2.431334035E-01  5.342438155E-01 -2.880100407E-01 -9.127788035E-01
 2.425120502E-01  8.604758834E-01 -4.462945664E-01  1.576669598E-01 -5.023012586E-03 -3.461946936E-01
-1.051844665E+00 -8.716450104E-01  3.484924795E-01  2.915920676E-02 -4.633453130E-02 -4.890323752E-01
 4.424103919E-01  5.817640743E-01  2.776872492E-02 -3.154555934E-01 -1.991814640E-02  1.593160673E-01
-7.914943546E-01 -6.259550935E-01 -1.819018119E-01  5.529299458E-01  2.275864852E-01 -7.997094744E-01
-1.464548134E+00 -3.146167375E-01 -1.736911795E-01 -2.701771942E-01 -6.509911655E-02 -7.467007142E-01
 1.178188859E+00  3.806390612E-01 -1.560301234E-01  5.403318752E-01  2.526281395E-01  1.942190726E-01
-1.271502309E+00 -2.160790005E-01 -2.443998127E-01 -2.059017584E-01  3.070829866E-01 -8.395981579E-01
 1.412056776E+00  2.912083173E-01  2.355111042E-01  1.643155319E-01  9.110903909E-01 -2.162550397E-01
 1.654795344E-01  5.525561666E-01  2.998519479E-01 -1.668627339E-01 -2.586707855E-02 -6.814507409E-01
-6.417356715E-01 -9.581503284E-01  2.115035442E-01 -2.664422553E-01 -2.746301899E-02  3.601365330E-01
 2.730808492E-01  9.047615802E-01 -2.056553524E-01 -2.638006959E-01  8.182958163E-02 -2.548434788E-01
 1.467743926E+00 -2.476097966E-02  3.780506619E-01  1.585343070E-01  3.736452826E-01  6.685361097E-01
 1.065726082E+00  6.788510122E-01 -1.931142100E-01 -1.487117934E-01 -2.627098632E-01  8.580716236E-01
 1.318923736E-02 -9.286119910E-01  3.130257079E-01 -1.024117238E-02 -2.184447417E-01  7.523395323E-01
-1.176293780E+00  1.762193150E-01 -1.788704844E-01  7.193246153E-02 -5.946768646E-01 -6.112860917E-01
-2.551281679E-01  5.911499023E-01 -1.449561741E-01 -2.642719901E-01 -7.170969939E-01  3.118838634E-01
-8.244803140E-01 -1.002531195E+00 -1.539644603E-01  5.528122431E-01  9.372693869E-03 -2.659970750E-01
 1.034452184E+00  8.690452016E-01 -1.313823272E-01  1.554220736E-01 -7.806930053E-01  8.465270625E-01
 1.625519340E+00  6.682484702E-01 -2.098411338E-01  2.771414178E-02  2.907007148E-01  6.812199657E-01
-1.671622898E+00 -9.754365160E-01  2.146012256E-01 -2.368167579E-01 -2.729015832E-02 -6.269712005E-01
 1.091426928E-01  6.036616318E-01  2.508984420E-01  6.046250044E-01 -8.751137840E-01 -4.706038176E-01
 1.788201668E-01  5.931824779E-01  2.543439745E-01 -2.085012028E-01  2.428551815E-01 -5.858046159E-01
-1.868633036E+00 -9.459454674E-01  2.257140184E-01 -1.781413221E-02 -4.896335682E-01 -6.714856256E-01
 1.733091963E+00  7.493635315E-01  2.462914338E-01  5.820217294E-01 -7.471272854E-03  1.620974712E-01
 1.298039238E+00  7.878452584E-01 -9.984432306E-02 -9.347518929E-02 -2.766456869E-02  7.555515693E-01
-1.266501268E+00 -9.925385455E-01 -3.265750151E-01 -1.611112265E-01  9.196664607E-02  1.356547183E-02
-4.678662431E-02  9.730775862E-02 -2.232563212E-01 -2.808500915E-01 -5.066877038E-01  9.130123182E-01
-8.602520809E-01 -5.408874786E-01 -1.692731478E-01  2.871990711E-01 -3.036096353E-02 -4.940218711E-01
-6.550749135E-03  1.200250020E-01  2.591691965E-01 -1.591965770E-01  6.874854362E-01 -9.127487590E-01
-8.731625243E-01 -1.427341233E-01 -4.940998866E-02 -1.894847584E-01 -9.270352534E-01  4.300491748E-01
 1.401516433E+00  6.044375037E-02 -1.686996744E-01  4.362219234E-01  4.808490604E-01  6.606365593E-01
 2.246341524E-01 -6.014323539E-01 -6.053703674E-02  5.789345738E-01 -5.010431278E-02  2.939404365E-01
 8.546258794E-01  9.019142875E-01  3.229949631E-01 -3.030039148E-01  2.316863442E-03 -9.880516975E-02
 8.835371061E-01  3.280835719E-01  4.033103469E-01 -3.102967330E-01 -9.825602504E-02  4.581973058E-01
 8.916193059E-01  7.771118848E-01 -3.405910070E-01  4.088569563E-01 -2.805420522E-02  8.151737184E-02
 3.430480061E-01  3.387973299E-01 -1.842219944E-01  2.706837580E-01  3.887963927E-01 -4.827165850E-01
-1.568544351E+00 -9.899339944E-01  1.671333541E-01 -3.082306149E-01  1.707268197E-01 -5.442110707E-01
 7.349769447E-02  7.809445575E-02  3.779009397E-01 -1.021972205E-01 -2.765393803E-02 -2.444905178E-01
-7.265501740E-02  6.094455764E-02 -1.973068512E-01 -3.159095146E-01 -3.120252460E-02  3.892649982E-01
 7.423419410E-01  5.510914273E-01  1.194294367E-01  3.293251004E-02 -1.995626672E-01  2.342077406E-01
 7.491580766E-01  1.993812577E-01  2.764298696E-01 -1.946420276E-01 -3.483112651E-03  4.017443327E-01
-8.615338342E-02  6.168585711E-01  6.711764831E-02 -3.151152077E-01 -2.531371325E-01 -2.018196122E-01
-1.076322412E+00 -5.587277666E-01  1.283779017E-01  7.476714081E-02 -1.920936442E-02 -6.514535627E-01
 1.611136748E+00  6.774612955E-01  3.625166766E-01  5.464944734E-01 -1.036229932E-01  8.703764404E-02
-3.246612267E-01  7.480679511E-01 -2.775782425E-01  2.517454395E-01 -7.399314982E-01 -3.103704436E-01
-1.017928628E+00 -6.936950829E-02 -4.476822527E-01 -1.857053132E-01 -9.638023717E-02 -2.208580154E-01
-1.687981921E+00 -5.350401931E-01 -1.025615226E-01 -3.063032075E-01 -3.128028873E-01 -5.082343632E-01
 3.681410155E-01 -8.471994697E-01 -1.472761707E-01 -3.781965294E-02  4.083359034E-01  9.746734890E-01
 6.185640633E-01  5.053556538E-01 -2.569111852E-01  5.299253135E-01  5.124194904E-01 -7.278977593E-01
 2.289151734E-01  6.643976489E-01 -2.597712353E-01 -2.096720921E-01 -4.634281527E-01  4.410834698E-01
-2.939234811E-01 -4.200322446E-01 -3.313315979E-01 -2.448260313E-01 -5.582600855E-02  7.996269207E-01
 6.835737297E-01  8.472177091E-01  7.554390638E-02  3.778941530E-02  5.754290478E-01 -7.525653477E-01
-1.600233240E+00 -7.056137377E-01 -1.026253184E-02 -2.448920124E-01 -3.043903360E-01 -3.296066583E-01
-4.600009252E-01 -1.615117169E-01  2.281993979E-01 -3.117036432E-01 -4.083061139E-02 -2.172758363E-01
 1.283049698E+00  3.730260850E-01  3.031705863E-01  2.285169703E-01  3.218505310E-02  3.757029978E-01
-2.015633363E+00 -9.915228356E-01 -2.856840538E-01 -5.417460679E-02 -8.860021138E-02 -6.585759267E-01
-3.662906629E-01  3.034428462E-03  4.471803716E-01 -3.127873798E-01  6.245195952E-02 -4.623080072E-01
-3.493147010E-01 -9.569873863E-01  3.641050124E-02  3.704684405E-01 -6.327816063E-01  9.756318676E-01
-9.067008116E-01 -3.870124706E-01  2.618517779E-01 -2.992412262E-01  4.056608803E-01 -7.605574092E-01
 1.055218396E+00  1.710582630E-01  4.606854733E-02 -1.069315310E-01  1.913144241E-02  9.761885802E-01
 3.871183554E-01 -6.832962881E-01  4.866498833E-01 -2.373225277E-02 -3.593844479E-01  9.824395710E-01
 1.520265493E+00  4.613155312E-01  1.421027787E-01 -2.658661751E-01  6.782892606E-01  4.299909738E-01
-8.515439363E-03 -3.155414352E-01  2.459792079E-01 -3.159331233E-01 -2.819812778E-01  7.400510193E-01
 1.375151535E-01  5.935730306E-01 -2.131750559E-01  7.801465921E-02 -5.233680626E-01  1.069551202E-01
-2.310392951E+00 -8.046279305E-01 -4.465602459E-01 -2.208949644E-01 -3.887486505E-01 -4.272111692E-01
 1.219224123E+00  1.212866581E-01 -4.016808175E-01  3.848119718E-01  3.813561303E-02  9.286092591E-01
 7.393663360E-01 -5.685040648E-01  3.674495286E-01  4.279491113E-01  4.088436546E-02  5.701549721E-01
-1.489732236E+00 -7.431188646E-01  2.964073394E-01 -2.651567826E-01  2.245722366E-01 -8.900033897E-01
 2.325482548E-02  6.457101201E-01  3.288486639E-01 -1.656876973E-01 -7.617633471E-02 -5.712390048E-01
 1.989399976E-01 -9.974745010E-01 -3.499540773E-01  3.992149931E-01  3.739246033E-01  7.177549943E-01
-1.133050637E+00 -1.693101968E-01 -6.467012358E-02 -2.226858321E-01  1.400196103E-01 -8.235656523E-01
 9.074257433E-01  5.031750141E-01  2.817736063E-01 -2.837408813E-01  1.186629161E-01  2.991579899E-01
 1.076480577E+00 -5.054220506E-01  3.425952463E-01 -7.554746668E-02  6.682108843E-01  5.457346299E-01
-6.391664947E-01  3.856823228E-01 -2.168107808E-01 -2.950226113E-01 -4.816713854E-01 -1.325802661E-01
-1.135380416E+00 -5.235885408E-01 -1.547537692E-01 -2.997494119E-01 -4.036948860E-01  2.360793182E-01
 1.799456852E+00  8.625318855E-01 -2.156321213E-01 -3.151859546E-01  6.130770492E-01  8.453486366E-01
 6.693949193E-01  6.434328798E-01 -3.536910358E-01  1.788895927E-01  2.333473549E-01 -5.092934053E-03
-8.706045570E-01 -9.991076893E-01  3.582185156E-01 -1.751094490E-01 -9.238543535E-01  7.653489369E-01
 1.001959259E+00  9.060898346E-01  8.979684072E-02  3.240550388E-01  3.710151115E-01 -7.812564982E-01
 4.708839345E-01  7.247554940E-01  2.858585137E-01 -3.081490145E-01  6.791385237E-01 -8.139375549E-01
-1.110280353E+00 -5.048228534E-01 -2.225037249E-01  3.922419445E-01 -9.172003505E-01  1.730284902E-01
 5.589543990E-01  7.115190450E-01 -4.084527164E-01  5.341911569E-01  4.788639570E-02 -2.019440420E-01
 6.855679478E-01  5.750875992E-01 -4.398322035E-01 -2.999978217E-01  4.826362914E-01  3.085442014E-01
 4.098290065E-01  3.799856745E-01 -1.635439671E-01 -2.347712580E-01 -3.982139290E-02  5.207558239E-01
 3.842520110E-01  5.600563288E-01  4.383118812E-01 -1.006135400E-01 -5.780692933E-02 -3.867961353E-01
-5.183937695E-01  6.067999947E-01 -3.220864596E-01 -2.798889256E-01  7.525675926E-04 -5.516577887E-01
-8.034166422E-01 -8.691850776E-01  9.479233248E-02  2.167428969E-01  4.075538067E-01 -6.827409977E-01
 1.802676138E+00  8.186221655E-01  3.796196738E-01  4.446322568E-01 -4.141364076E-01  5.784294181E-01
-6.133374243E-01 -2.368265152E-01 -3.659335997E-01 -2.525901781E-01  1.317385784E-01  2.627364936E-01
-2.601674394E+00 -2.099180434E-01 -2.800971019E-01 -3.082280855E-01 -8.729579978E-01 -8.665786427E-01
-1.469007525E+00 -3.913529818E-02  4.556148973E-02 -2.333660928E-01 -2.840450717E-01 -9.318434971E-01
 8.957458050E-01  5.657607015E-01  4.592312781E-01  1.154920403E-01  7.324894870E-02 -3.298975544E-01
 9.268653205E-01 -1.463313580E-02 -1.858012444E-01  1.145156526E-01  2.946805656E-01  6.594268133E-01
-2.339851828E-01 -9.042037487E-01  1.535500075E-01  2.412986839E-02  2.196542753E-01  3.590173687E-01
-6.515969049E-01 -3.518246670E-01 -1.457775097E-01 -8.445373471E-02 -2.421796411E-01  1.317982463E-01
 1.708246139E+00  8.824276294E-01  2.142517405E-02 -8.538503172E-02 -4.261704368E-02  9.084379767E-01
 1.359954269E-01  6.457769264E-01  1.325767734E-01  4.092443275E-02 -3.365539871E-01 -2.776561049E-01
-1.781788657E-01  3.605545242E-02  2.506426413E-01 -2.899929093E-01 -2.607345787E-02 -2.688403608E-01
-9.758715728E-01 -1.007517591E+00 -9.214206736E-02  8.536837094E-03  3.056607473E-01  8.519391758E-05
 8.192270846E-01  8.470895138E-01 -4.520866550E-02  4.296941891E-01 -3.128987205E-02 -4.360427199E-01
 3.620928660E-01  3.073838251E-01 -1.526315536E-01  5.049844338E-01 -2.737755278E-02 -3.329046899E-01
-5.198458657E-01  6.443379403E-01 -3.967313671E-01  4.018660439E-01 -6.566837093E-01 -4.743407195E-01
-1.093510104E-01 -4.893276871E-01 -1.188253089E-01 -6.711284583E-03 -4.081396281E-02  5.686282756E-01
-1.083246743E-01  5.365364363E-01 -3.636558143E-01 -3.149935553E-01  3.438366509E-02 -1.168676023E-01
